255 182 193
227 227 227
255 52 179
238 180 34
139 71 38
158 158 158
199 21 133
180 205 205
153 153 153
238 99 99
139 99 108
255 130 71
210 180 140
64 224 208
205 55 0
139 35 35
95 158 160
139 134 130
0 255 0
0 205 205
72 209 204
115 115 115
0 191 255
70 130 180
178 34 34
161 161 161
238 44 44
144 238 144
0 0 128
238 58 140
148 0 211
255 0 0
255 218 185
82 139 139
188 143 143
139 137 112
92 92 92
255 127 80
238 238 224
155 48 255
184 134 11
205 183 181
178 223 238
218 112 214
89 89 89
255 105 180
255 110 180
125 38 205
84 255 159
193 255 193
100 149 237
47 79 79
67 110 238
139 134 78
238 92 66
139 54 38
255 250 250
46 46 46
179 179 179
255 160 122
99 184 255
205 79 57
0 134 139
205 186 150
16 78 139
238 173 14
64 64 64
175 238 238
128 0 0
102 102 102
0 238 118
222 222 222
205 155 29
38 38 38
51 51 51
179 238 58
105 139 105
209 209 209
159 121 238
238 59 59
208 32 144
150 150 150
217 217 217
255 231 186
41 41 41
221 160 221
0 0 238
139 0 0
238 130 98
255 228 225
0 100 0
250 250 250
205 41 144
205 197 191
176 226 255
205 205 180
132 112 255
125 125 125
59 59 59
238 220 130
126 192 238
139 125 123
162 181 205
135 206 250
139 121 94
160 82 45
105 139 34
255 248 220
139 28 98
137 104 205
171 130 255
102 205 0
198 226 255
124 252 0
148 148 148
66 66 66
238 118 33
105 89 205
205 149 12
139 105 105
255 62 150
240 128 128
192 192 192
112 128 144
245 245 245
43 43 43
238 233 233
205 102 29
32 178 170
107 142 35
255 0 255
205 0 0
0 255 127
26 26 26
85 107 47
255 193 37
250 128 114
238 149 114
176 224 230
205 85 85
238 210 238
121 205 205
36 36 36
248 248 255
205 205 193
238 121 159
139 26 26
166 166 166
238 64 0
108 166 205
124 205 124
205 38 38
204 204 204
220 20 60
255 181 197
255 174 185
238 18 137
240 230 140
102 205 170
238 122 233
139 119 101
0 229 238
127 255 212
255 246 143
205 155 155
139 90 0
0 255 255
255 131 250
253 245 230
255 215 0
205 112 84
205 51 51
186 85 211
139 76 57
72 118 255
196 196 196
235 235 235
205 104 57
255 255 224
139 123 139
212 212 212
131 111 255
0 205 102
205 16 118
139 139 131
205 96 144
72 61 139
238 238 0
139 137 137
74 74 74
34 139 34
139 125 107
13 13 13
238 0 238
152 245 255
141 182 205
205 181 205
69 139 116
205 129 98
205 170 125
0 128 0
205 140 149
135 135 135
176 176 176
156 156 156
238 203 173
193 205 193
30 144 255
128 0 128
141 238 238
139 87 66
118 238 0
54 100 139
67 205 128
205 175 149
205 201 165
139 95 101
139 139 122
237 237 237
205 173 0
131 139 131
238 130 238
238 230 133
65 105 225
255 165 0
153 50 204
180 238 180
110 123 139
238 213 210
61 61 61
194 194 194
28 134 238
94 94 94
135 206 255
238 154 0
255 48 48
163 163 163
255 140 105
0 154 205
255 255 0
139 115 85
151 255 255
139 131 120
205 193 197
139 71 137
104 34 139
143 188 143
138 43 226
238 106 80
178 58 238
93 71 139
186 186 186
255 211 155
255 239 213
255 240 245
0 250 154
230 230 250
120 120 120
18 18 18
240 240 240
185 211 238
238 232 205
174 238 238
191 62 255
205 133 63
122 55 139
159 182 205
122 139 139
201 201 201
205 133 0
238 221 130
199 199 199
130 130 130
139 58 58
139 102 139
205 145 158
112 112 112
139 69 0
135 206 235
238 154 73
122 197 205
205 0 205
139 117 0
224 238 238
0 245 255
238 0 0
238 224 229
245 245 220
232 232 232
97 97 97
0 197 205
229 229 229
139 101 8
128 128 0
3 3 3
58 95 205
0 0 205
139 34 82
143 143 143
238 207 161
139 10 80
164 211 238
0 178 238
255 236 139
173 216 230
165 42 42
117 117 117
247 247 247
77 77 77
255 222 173
192 255 62
205 190 112
108 123 139
255 255 255
24 116 205
0 139 139
205 104 127
250 250 210
205 192 176
0 128 128
152 251 152
60 179 113
252 252 252
238 180 180
238 48 167
87 87 87
255 20 147
255 99 71
238 201 0
205 92 92
255 114 86
233 150 122
85 26 139
0 0 255
155 205 155
176 196 222
205 150 205
255 64 64
169 169 169
240 255 240
216 191 216
205 198 115
238 169 184
162 205 90
15 15 15
173 173 173
255 187 255
188 210 238
28 28 28
224 224 224
0 0 0
122 122 122
207 207 207
79 79 79
0 206 209
150 205 205
145 145 145
78 238 148
118 238 198
255 228 196
84 84 84
104 131 139
79 148 205
139 126 102
8 8 8
75 0 130
131 139 139
224 238 224
238 174 238
154 192 205
191 191 191
10 10 10
255 69 0
238 216 174
139 129 76
127 127 127
48 48 48
168 168 168
154 255 154
209 238 238
154 205 50
205 179 139
255 228 181
255 225 255
106 90 205
255 140 0
238 118 0
25 25 112
92 172 238
238 232 170
0 238 238
69 139 0
188 238 104
139 136 120
5 5 5
123 104 238
139 37 0
205 50 120
184 184 184
250 240 230
224 255 255
0 139 0
189 189 189
255 255 240
238 121 66
139 131 134
139 139 0
119 136 153
147 112 219
145 44 238
244 164 96
83 134 139
205 183 158
238 197 145
222 184 135
139 0 139
202 225 255
187 255 255
205 105 201
255 192 203
255 165 79
107 107 107
99 99 99
0 205 0
122 103 238
255 130 171
219 219 219
105 105 105
205 201 201
110 139 61
255 250 240
180 82 205
139 71 93
39 64 139
209 95 238
139 90 43
84 139 84
211 211 211
20 20 20
240 255 255
255 193 193
238 238 209
193 205 205
23 23 23
0 238 0
214 214 214
245 222 179
71 71 71
96 123 139
173 255 47
242 242 242
219 112 147
238 106 167
171 171 171
74 112 139
210 105 30
255 250 205
205 102 0
140 140 140
255 127 36
202 255 112
71 60 139
238 233 191
218 165 32
102 139 139
133 133 133
255 235 205
238 229 222
31 31 31
0 104 139
255 245 238
139 62 47
139 58 98
205 200 177
238 162 173
189 183 107
69 69 69
181 181 181
54 54 54
255 127 0
0 139 69
191 239 255
139 69 19
255 185 15
205 205 0
33 33 33
0 0 139
220 220 220
82 82 82
110 110 110
127 255 0
56 56 56
50 205 50
142 229 238
46 139 87
138 138 138
238 213 183
205 91 69
139 105 20
245 255 250
255 106 106
224 102 255
154 50 205
128 128 128
